2.00
2.00
2.00
2.02
2.02
2.02
2.04
2.04
2.04
2.04
2.11
2.07
2.10
2.08
2.12
2.12
2.40
2.40
2.47
2.22
2.21
2.14
2.17
2.35
2.31
2.35
2.41
2.35
2.39
2.43
2.50
2.50
2.51
2.53
2.53
2.53
2.62
2.59
2.59
2.59
1002.61
1002.61
1002.61
1007.12
1007.12
1007.12
1007.12
1007.12
1025.25
1035.32
1063.27
1057.31
1123.09
1082.23
1107.55
1070.06
1104.69
1091.04
1190.46
1182.51
1385.39
1198.59
1156.52
1054.07
1132.74
1046.88
1087.50
977.64
1026.52
904.08
1010.54
903.73
914.16
830.60
845.28
803.27
3737.75
3737.75
3737.75
3748.97
3748.97
3751.43
3759.95
3759.95
3805.07
3791.42
3811.55
3797.71
3827.94
3820.89
3813.11
3805.33
3995.29
3933.38
4005.93
3896.96
4075.85
4037.51
4008.18
3874.56
3969.27
3774.22
5654.36
5654.36
5654.36
5667.09
5681.22
5691.18
5691.18
5691.18
5742.40
5742.40
5755.32
5755.32
5755.32
5755.32
5871.86
5838.38
6056.31
5996.96
6003.16
5982.75
6061.84
6016.36
6469.17
6186.93
6194.42
6061.03
6076.40
6042.93
6310.90
6169.83
6169.83
6194.28
6194.28
6199.46
6199.46
6203.00
6212.30
6261.65
6261.65
6261.65
6261.65
6261.65
6293.49
6303.75
5819.31
5819.31
5819.31
5829.78
5829.78
5871.76
5895.08
5990.57
5965.99
5972.59
5996.13
6001.61
5997.99
5997.99
6097.71
6067.99
6084.93
6076.92
6091.84
6069.50
6081.81
6061.35
6098.38
6034.27
6078.57
6183.79
6183.79
6183.79
6190.48
6203.71
6216.19
6241.60
6218.51
6218.51
6218.51
6231.82
6231.82
6233.02
6250.48
6250.48
6250.48
6264.63
6306.00
6282.69
6300.85
6289.58
6287.01
6337.33
6360.15
6360.15
6348.03
6387.38
6433.50
6451.46
6058.50
6058.50
6058.50
6067.59
6067.59
6067.59
6122.19
6122.19
6158.93
6161.04
6151.09
6139.78
6209.29
6209.07
6225.04
6204.82
6441.29
6248.67
6708.80
6341.95
6427.36
6233.74
6195.74
6000.53
5963.15
5756.94
5842.47
5505.87
5506.73
5296.27
5288.38
5195.58
5207.56
5127.90
5098.61
5071.49
5076.31
5067.78
5122.65
5111.17
5124.23
5101.31
5114.66
5102.10
5123.67
5095.58
5113.77
5034.61
5049.71
5011.28
5023.80
4922.17
4878.75
4818.15
4824.17
4774.19
4762.55
4741.03
5041.97
5041.97
5041.97
5048.45
5048.45
5074.41
5088.84
5147.72
5132.53
5137.25
5151.79
5153.94
5164.37
5162.70
5212.31
5185.98
5197.12
5174.22
5283.65
5217.69
5227.39
5183.80
5205.41
5203.33
5174.04
5170.54
5184.15
5179.53
5199.66
5181.82
5189.53
5175.12
5175.12
5175.12
5176.33
5181.90
5181.90
5194.24
5234.51
5236.19
5254.51
5248.31
5242.64
5234.39
5233.63
5232.88
5232.13
5094.10
5094.10
5094.10
5099.83
5099.83
5100.85
5105.45
5105.45
5111.20
5111.20
5116.95
5116.31
5148.93
5124.29
5132.09
5132.09
5137.86
5137.86
5189.88
5176.46
5175.79
5176.68
5184.61
5172.59
5180.46
5194.12
5188.43
5174.79
5287.90
5251.22
5259.99
5219.14
5199.96
4460.57
4460.57
4460.57
4465.03
4483.88
4483.88
4519.74
4498.60
4505.94
4495.24
4529.16
4517.31
4515.25
4513.24
4553.33
4520.47
4620.34
4556.85
4744.62
4647.77
4792.59
4659.75
4676.38
4662.58
4684.50
4601.56
4616.95
4585.30
4628.65
4599.76
4595.81
4590.21
4590.21
4600.13
4618.54
4612.95
4616.82
4622.39
4622.39
4627.97
4627.97
4633.55
4642.33
4653.06
4654.68
4654.80
4650.90
4661.99
4661.99
4661.99
4663.29
4664.23
4665.18
4666.12
4667.06
4667.06
4667.06
4667.06
4667.06
4667.06
4671.26
4671.26
4679.67
4688.55
4688.55
4705.43
4700.29
4700.29
4700.29
4704.39
4699.83
4699.95
4704.05
4703.58
4719.33
4708.37
4745.92
4715.05
4721.28
4710.26
4740.32
4740.32
4820.17
4776.46
4862.95
4837.38
4842.58
4716.32
4757.28
4702.05
4695.13
4676.95
4675.40
4675.40
4675.40
4669.86
4668.92
4668.92
4668.92
4668.92
4672.74
4688.88
4688.88
4719.56
4701.91
4707.70
4698.82
4727.83
4717.68
4715.92
4714.20
4748.47
4720.35
4805.77
4751.40
4911.85
4828.69
4952.38
4838.94
4852.85
4843.01
4860.80
4790.21
4802.95
4776.02
4813.04
4788.93
4785.28
4780.53
4781.23
4785.22
4785.22
4785.22
4800.07
4800.07
4801.23
4805.65
4805.65
4810.42
4811.88
4819.83
4819.78
4859.02
4841.50
4841.37
4841.29
4853.05
4851.68
4849.97
4849.08
4859.66
4847.62
4847.62
4847.62
4847.62
4847.62
4851.26
4851.26
4851.26
4854.90
4854.90
4869.46
4861.12
4866.99
4862.54
4872.25
4869.87
4950.98
4912.92
5094.53
5068.26
5064.79
5007.39
4996.28
4889.93
4983.80
4789.45
4814.65
4666.70
4636.56
4613.91
5014.28
5014.28
5014.28
5017.75
5017.75
5017.94
5021.21
5021.21
5024.68
5032.02
5039.37
5039.00
5038.40
5038.01
5037.62
5041.50
5062.44
5058.81
5067.17
5052.04
5107.79
5063.16
5070.85
5039.35
5089.34
5062.52
5079.45
5037.70
5077.43
5066.84
5081.22
5011.17
5062.30
4994.38
5045.81
4974.00
4984.19
4961.71
5015.45
4942.64
4957.74
4917.98
4949.52
4925.83
4951.41
4937.87
4962.05
4942.56
4953.73
4928.69
5044.35
4997.06
4994.54
4990.31
5022.92
5017.49
5011.65
4777.19
4777.19
4777.19
4780.26
4780.26
4780.22
4783.34
4783.34
4783.34
4783.34
4795.64
4788.07
4793.61
4789.85
4798.05
4798.05
4810.39
4808.29
4815.60
4803.18
4830.50
4815.53
4820.33
4816.13
4813.10
4800.61
4807.86
4793.39
4810.95
4803.77
4806.56
4802.74
4805.53
4804.84
4830.85
4830.85
4854.12
4837.51
4865.21
4842.78
4873.86
4854.68
4910.18
4858.91
4853.39
4845.39
4845.39
4845.39
4845.39
4848.30
4848.30
4848.30
4848.30
4851.21
4851.21
4857.03
4863.18
4863.18
4880.69
4877.71
4887.32
4881.97
4911.94
4889.51
4949.90
4908.93
5110.49
4992.88
4984.40
4873.24
4875.95
4848.63
4852.05
4793.72
4795.45
4741.86
4744.12
4675.52
4681.55
4644.73
4650.52
4633.35
4662.74
4612.79
4604.04
4588.89
4773.96
4773.96
4773.96
4776.65
4776.65
4776.44
4779.36
4779.36
4782.04
4781.75
4788.92
4788.92
4791.91
4789.02
4800.83
4798.14
4810.31
4509.64
4509.64
4509.64
4512.02
4512.02
4521.58
4521.58
4521.58
4521.58
4526.37
4526.37
4525.12
4530.17
4529.11
4569.07
4547.27
4566.78
4552.49
4608.67
4594.51
4724.45
4608.30
4618.82
4561.62
4590.88
4553.80
4560.83
4518.17
4569.50
4544.00
4549.56
4469.54
4495.70
4438.26
4446.00
4431.98
4441.40
4430.06
4423.92
4404.93
4410.19
4382.06
4380.02
4371.64
4375.16
4369.15
4377.49
4377.49
4377.49
4383.75
4383.75
4383.75
4383.75
4383.75
4387.17
4385.46
4389.82
4386.47
4383.09
4379.70
4435.08
4435.08
4435.08
4435.08
4437.30
4437.05
4449.62
4444.45
4457.04
4452.54
4451.63
4445.69
4449.96
4443.13
4443.13
4443.13
4445.46
4441.26
4439.76
4279.51
4279.51
4279.51
4281.54
4281.54
4281.10
4283.62
4283.62
4291.73
4289.26
4292.87
4290.38
4301.90
4297.52
4304.85
4193.72
4193.72
4193.72
4195.61
4195.61
4195.15
4197.55
4201.54
4209.51
4207.54
4214.09
4205.80
4235.63
4231.69
4280.27
4247.18
4258.76
4227.92
4225.14
4210.56
4218.54
4194.37
4219.75
4190.45
4210.75
4166.84
4184.26
4146.72
4162.88
4128.37
4131.65
4094.42
4099.22
4063.42
4068.91
4040.23
4039.74
4029.06
4032.33
4023.95
4029.87
4019.89
4019.39
4016.05
4016.05
4016.05
4017.27
4026.03
4024.61
4027.47
4025.49
4030.22
3935.58
3935.58
3935.58
3937.26
3937.26
3936.72
3939.01
3939.01
3939.01
3939.01
3945.76
3940.56
3944.76
3942.70
3947.20
3947.20
3953.97
3951.24
3956.98
3948.61
3981.84
3958.19
3963.83
3954.85
3966.23
3971.88
3971.88
3969.93
3973.65
3967.93
3971.64
3970.39
3992.59
3983.95
3998.45
3982.95
4002.76
3983.10
4004.81
3990.15
4022.44
3983.82
3982.93
3973.47
4018.42
4018.42
4018.42
4020.07
4020.07
4019.52
4021.77
4025.25
4032.20
4029.83
4032.07
4029.90
4036.10
4032.50
4040.01
4029.09
4057.64
4042.03
4106.40
4064.82
4151.67
4072.63
4100.40
4039.84
4065.90
4011.04
4017.76
3968.86
3975.97
3963.95
3974.45
3961.88
3967.69
3955.09
3970.45
3945.79
3952.96
3937.23
3945.39
3932.54
3936.74
3927.09
3926.69
3922.37
3934.44
3919.48
3922.69
3915.02
3918.27
3910.61
3925.07
3918.46
3916.23
3907.41
3910.08
3903.53
3901.83
3900.14
3898.45
3896.01
3896.01
3896.01
3896.01
3897.53
3897.53
3897.53
3899.06
3899.06
3905.16
3903.30
3911.95
3908.39
3908.39
3908.39
3908.39
3908.39
3914.51
3908.54
3907.65
3741.33
3741.33
3741.33
3742.73
3742.73
3742.10
3742.10
3743.50
3749.43
3749.43
3755.05
3754.44
3766.95
3753.71
3771.87
3761.06
3816.03
3780.47
3828.74
3767.55
3800.57
3772.76
3789.89
3743.75
3775.58
3717.95
3724.00
3680.43
3723.44
3650.86
3649.06
3627.79
3866.28
3866.28
3866.28
3867.67
3867.67
3867.07
3869.13
3869.13
3874.70
3874.70
3880.28
3877.58
3882.81
3875.46
3887.99
3885.58
3899.41
3884.58
3902.68
3875.60
3877.07
3873.45
3869.79
3866.14
3944.75
3881.92
3906.06
3884.81
3888.82
3852.48
3871.04
3833.52
3850.34
3802.79
3805.56
3773.87
3768.22
3756.95
3763.17
3749.78
3760.23
3743.60
3744.28
3727.87
3729.12
3717.33
3716.62
3714.26
3714.53
3719.08
3680.50
3680.50
3680.50
3681.77
3681.77
3681.77
3683.05
3683.05
3688.15
3688.15
3699.21
3693.22
3700.31
3692.40
3706.23
3696.06
3701.43
3692.91
3710.25
3695.20
3716.91
3676.37
3714.43
3660.48
3654.12
3621.06
3634.61
3615.11
3629.81
3620.20
3621.47
3618.69
3618.67
3621.31
3618.49
3623.75
3633.50
3625.02
3627.18
3623.82
3623.82
3623.82
3627.56
3625.39
3625.39
3627.50
3629.95
3632.24
3633.19
3634.13
3634.13
3634.13
3634.13
3634.13
3634.53
3654.53
3653.66
3615.97
3615.97
3615.97
3617.17
3617.17
3616.59
3618.45
3618.45
3623.27
3621.80
3623.94
3622.47
3629.31
3626.10
3634.68
3629.47
3639.52
3627.28
3624.80
3437.23
3437.23
3437.23
3437.23
3438.34
3438.21
3444.48
3441.90
3443.52
3441.46
3447.73
3443.74
3449.49
3445.68
3454.04
3445.63
3451.86
3445.54
3453.55
3483.71
3474.77
3480.59
3484.57
3484.57
3480.81
3486.46
3484.12
3492.92
3492.92
3491.29
3491.04
3487.29
3487.29
3487.29
3491.77
3491.28
3494.28
3496.97
3501.07
3499.51
3501.12
3501.12
3501.12
3499.09
3499.09
3499.09
3499.63
3499.63
3500.70
3503.66
3503.66
3503.66
3503.66
3505.37
3505.83
3506.29
3506.75
3507.21
3507.21
3507.21
3507.21
3508.30
3508.30
3508.30
3509.39
3509.39
3513.74
3509.85
3513.15
3513.15
3513.15
3513.15
3525.75
3519.26
3516.69
3307.27
3307.27
3307.27
3308.26
3312.45
3312.45
3320.40
3312.89
3317.47
3313.56
3321.06
3318.42
3317.98
3317.53
3326.38
3319.09
3341.18
3327.07
3368.45
3346.71
3378.57
3349.35
3358.44
3340.24
3352.84
3334.99
3342.85
3335.82
3344.89
3334.58
3335.88
3334.58
3334.58
3337.61
3341.47
3340.17
3341.65
3343.02
3343.02
3344.39
3344.39
3345.76
3347.51
3349.99
3349.21
3350.19
3348.79
3351.67
3351.67
3351.67
3351.39
3351.83
3352.27
3352.72
3353.16
3353.16
3353.16
3353.16
3353.16
3354.13
3354.13
3354.13
3354.13
3354.13
3358.03
3358.03
3359.00
3359.00
3359.00
3359.00
3367.78
3365.19
3381.46
3377.02
3378.53
3374.70
3384.69
3376.61
3420.05
3390.13
3397.76
3387.11
3393.56
3382.90
3403.77
3389.44
3395.88
3388.99
3389.99
3254.99
3254.99
3254.99
3254.99
3255.91
3255.80
3260.99
3258.86
3264.05
3260.24
3261.48
3259.04
3261.77
3257.88
3257.88
3257.88
3259.27
3254.31
3253.69
3164.04
3164.04
3164.04
3164.90
3164.90
3164.25
3165.84
3165.84
3166.70
3166.70
3174.47
3172.18
3172.63
3170.85
3173.69
3170.95
3170.37
3139.01
3139.01
3139.01
3139.84
3139.84
3139.20
3140.74
3142.50
3144.25
3142.79
3145.69
3144.03
3145.48
3143.01
3147.08
3146.26
3145.42
3143.48
3149.76
3145.21
3150.25
3142.90
3144.18
3144.18
3145.56
3145.56
3145.56
3143.77
3142.67
3144.47
3146.61
3142.83
3144.55
3142.19
3143.91
3141.55
3148.58
3144.78
3147.18
3142.10
3151.86
3148.89
3148.98
3146.95
3147.72
3143.88
3144.29
3134.14
3134.48
3124.35
3128.49
3122.96
3117.32
3110.27
3168.69
3168.69
3168.69
3169.51
3169.51
3168.86
3168.86
3168.86
3172.12
3171.12
3175.74
3173.84
3178.46
3173.27
3177.32
3172.12
3176.17
3175.36
3205.84
3200.54
3219.52
3189.67
3195.04
3186.88
3194.24
3185.66
3203.62
3181.70
3197.66
3177.52
3189.07
3181.04
3178.35
3180.60
3180.60
3180.60
3180.60
3181.39
3181.39
3184.58
3186.34
3185.04
3188.08
3188.08
3188.08
3188.08
3188.88
3188.79
3200.30
3194.48
3212.19
3200.87
3234.05
3216.60
3242.15
3218.72
3226.85
3218.32
3228.69
3214.50
3218.90
3216.91
3219.76
3213.93
3217.03
3212.17
3215.00
3209.18
3210.21
3210.21
3214.05
3209.48
3210.12
3208.62
3208.77
3206.75
3206.75
3206.75
3206.75
3206.75
3207.23
3215.67
3215.67
3215.67
3215.35
3217.19
3218.56
3218.16
3218.16
3218.16
3218.48
3216.46
3216.46
3216.46
3216.46
3216.46
3216.46
3216.46
3216.46
3216.46
3216.46
3217.24
3220.55
3220.55
3226.81
3220.51
3224.52
3221.22
3227.14
3225.06
3224.71
3224.36
3231.33
3225.59
3243.00
3231.87
3264.47
3247.32
3272.43
3249.40
3257.27
3249.05
3259.03
3245.19
3249.46
3247.52
3250.27
3244.59
3247.60
3242.91
3245.66
3239.98
3245.84
3238.73
3239.24
3234.94
3234.94
3234.94
3234.34
3242.05
3242.05
3242.05
3242.53
3242.53
3242.23
3242.23
3243.18
3241.99
3243.42
3242.22
3242.43
3241.97
3245.29
3242.46
3242.06
3242.06
3242.06
3242.06
3242.06
3242.06
3242.83
3242.83
3244.36
3245.98
3246.84
3245.62
3245.62
3245.62
3246.39
3246.39
3253.31
3248.51
3251.23
3249.68
3251.04
3248.70
3252.52
3247.62
3251.44
3250.68
3254.04
3248.93
3272.16
3262.40
3263.53
3259.42
3263.59
3251.44
3264.56
3254.13
3454.49
3454.49
3454.49
3455.29
3456.18
3455.07
3457.89
3457.89
3457.89
3457.89
3457.89
3457.89
3458.69
3458.60
3470.13
3464.30
3482.04
3470.70
3503.91
3486.43
3512.01
3488.56
3496.00
3481.01
3491.36
3477.03
3483.47
3477.82
3485.09
3476.72
3477.81
3476.77
3478.08
3479.92
3483.01
3483.01
3485.92
3485.27
3485.49
3483.75
3483.51
3483.51
3484.81
3484.81
3486.12
3486.12
3486.12
3487.07
3487.07
3487.07
3487.07
3488.03
3486.74
3486.95
3487.16
3487.16
3487.16
3487.16
3487.16
3487.94
3487.94
3487.94
3488.73
3490.39
3490.39
3489.85
3491.23
3491.23
3492.80
3494.46
3499.35
3496.36
3498.95
3496.82
3500.44
3499.66
3514.35
3502.84
3507.05
3507.05
3515.93
3507.29
3518.35
3509.30
3514.11
3507.32
3516.98
3508.35
3523.10
3507.49
3512.74
3506.16
3507.05
3505.00
3514.33
3499.13
3506.08
3494.31
3494.73
3493.96
3494.90
3494.90
3494.90
3494.90
3494.90
3495.67
3495.67
3498.74
3497.80
3497.80
3497.80
3497.27
3498.63
3498.55
3504.35
3503.34
3521.79
3517.39
3558.47
3546.18
3553.11
3509.77
3529.79
3504.90
3517.87
3481.94
3517.70
3482.21
3498.71
3442.20
3425.65
3374.94
3389.14
3318.59
3319.69
3274.26
3283.78
3260.18
3458.41
3458.41
3458.41
3458.41
3459.15
3459.07
3463.27
3461.54
3462.74
3461.23
3466.84
3462.93
3468.37
3462.94
3472.15
3469.90
3473.19
3463.70
3468.83
3462.37
3486.94
3464.68
3471.18
3456.24
3463.40
3451.75
3453.18
3448.10
3454.28
3446.89
3448.12
3442.49
3445.06
3440.57
3449.11
3438.94
3441.84
3440.51
3443.00
3440.35
3439.32
3438.30
3439.84
3438.55
3439.80
3435.66
3434.34
3434.34
3434.34
3435.65
3436.14
3436.63
3437.11
3437.60
3437.60
3437.60
3437.60
3438.32
3438.32
3438.32
3438.32
3438.32
3441.20
3440.32
3448.64
3445.12
3447.36
3443.48
3444.90
3443.94
3450.89
3444.04
3460.56
3450.26
3454.31
3447.76
3458.17
3450.27
3457.21
3446.90
3558.54
3558.54
3558.54
3559.27
3562.34
3562.34
3568.17
3562.61
3566.02
3563.13
3568.63
3566.69
3566.37
3566.04
3572.52
3567.18
3583.38
3573.03
3603.35
3587.38
3610.73
3589.32
3596.13
3582.43
3591.89
3578.82
3584.70
3579.54
3586.18
3578.53
3579.54
3578.59
3579.78
3579.34
3584.32
3582.48
3587.47
3585.24
3585.44
3583.85
3583.63
3583.63
3583.63
3584.50
3584.50
3584.50
3585.70
3585.70
3586.89
3585.94
3587.13
3586.70
3586.26
3585.31
3583.71
3583.71
3583.71
3583.71
3583.71
3583.71
3584.43
3584.35
3585.63
3585.63
3592.08
3589.18
3593.26
3588.78
3590.98
3588.06
3592.15
3590.89
3598.92
3593.56
3595.38
3592.11
3598.63
3594.96
3596.12
3592.44
3597.47
3593.42
3606.70
3597.13
3601.37
3589.54
3594.71
3583.16
3582.73
3578.58
3582.36
3578.30
3579.44
3576.97
3617.60
3617.60
3617.60
3618.30
3618.30
3618.30
3619.01
3619.01
3621.84
3621.84
3624.68
3623.81
3637.60
3630.75
3633.75
3629.78
3634.41
3629.18
3629.86
3626.54
3637.41
3634.18
3637.99
3626.75
3642.35
3634.77
3631.85
3617.20
3630.19
3598.59
3611.14
3589.74
3596.99
3571.72
3580.18
3570.02
3571.83
3556.15
3553.92
3543.10
3538.83
3445.74
3445.74
3445.74
3446.40
3446.40
3445.91
3447.11
3448.50
3449.90
3449.90
3449.90
3448.78
3451.03
3449.14
3452.29
3448.20
3454.79
3450.32
3453.09
3451.42
3468.52
3457.15
3462.52
3455.25
3459.22
3456.76
3461.03
3459.30
3465.94
3460.94
3466.55
3462.70
3464.07
3460.62
3461.23
3460.04
3460.45
3459.26
3465.29
3463.13
3521.32
3521.32
3521.32
3521.98
3521.98
3521.51
3522.70
3522.70
3522.70
3522.70
3525.34
3522.78
3525.00
3524.20
3525.96
3528.09
3536.32
3533.25
3538.43
3531.68
3537.88
3529.78
3565.43
3544.31
3551.88
3546.14
3550.68
3543.29
3544.02
3541.21
3544.16
3539.95
3542.90
3542.08
3622.44
3622.44
3622.44
3622.44
3623.11
3623.03
3626.80
3625.25
3629.02
3626.37
3627.18
3625.40
3627.33
3624.56
3624.56
3624.56
3625.55
3622.14
3621.69
3563.36
3563.36
3563.36
3564.00
3564.00
3563.56
3564.69
3564.69
3565.33
3565.26
3566.97
3566.97
3565.82
3569.37
3568.58
3569.60
3569.60
3567.83
3573.35
3514.56
3514.56
3514.56
3515.18
3515.18
3517.66
3517.66
3517.22
3518.33
3520.95
3520.95
3519.92
3522.02
3521.75
3532.10
3530.09
3535.12
3524.43
3554.27
3539.85
3546.21
3525.14
3540.98
3523.80
3529.35
3511.10
3514.97
3487.23
3498.25
3473.21
3476.71
3457.19
3462.74
3454.90
3566.10
3566.10
3566.10
3566.72
3566.72
3569.19
3569.19
3569.19
3569.19
3569.19
3569.19
3569.19
3569.19
3569.19
3569.19
3569.19
3569.19
3574.75
3574.75
3574.75
3574.75
3581.63
3577.70
3580.45
3580.45
3579.52
3580.81
3580.17
3588.86
3587.35
3592.04
3587.00
3590.85
3587.08
3592.05
3588.27
3589.04
3590.47
3572.35
3572.35
3572.35
3572.95
3573.63
3572.77
3572.77
3572.77
3575.20
3575.20
3580.66
3578.15
3578.96
3578.36
3588.08
3582.41
3590.85
3584.01
3588.05
3590.82
3589.85
3591.07
3592.65
3590.75
3589.18
3591.58
3589.60
3595.03
3595.03
3593.94
3595.88
3595.52
3595.76
3594.49
3593.75
3595.39
3560.02
3560.02
3560.02
3560.61
3560.61
3560.18
3561.25
3562.51
3563.76
3562.77
3564.78
3564.05
3568.54
3566.96
3567.85
3565.83
3568.30
3567.37
3579.14
3569.99
3592.67
3573.77
3588.50
3561.54
3567.35
3549.82
3562.30
3547.31
3632.83
3632.83
3632.83
3633.43
3633.43
3633.02
3634.07
3634.07
3636.45
3635.72
3636.66
3635.48
3638.85
3635.24
3637.99
3635.60
3644.75
3640.13
3643.98
3642.04
3642.04
3643.71
3645.02
3647.44
3646.32
3647.33
3646.29
3650.90
3650.90
3650.60
3652.77
3658.35
3656.02
3655.49
3656.44
3656.44
3656.44
3657.15
3657.15
3658.98
3658.98
3661.60
3660.57
3660.57
3662.13
3661.91
3661.91
3661.23
3661.98
3657.36
3658.95
3658.55
3659.11
3658.75
3658.75
3658.75
3658.75
3659.34
3659.34
3661.69
3663.00
3662.19
3664.27
3664.27
3664.27
3664.27
3666.62
3666.36
3671.60
3667.28
3680.37
3672.00
3696.49
3683.58
3702.44
3685.15
3690.66
3679.58
3687.25
3676.70
3681.45
3677.29
3682.64
3676.47
3677.28
3676.52
3677.48
3677.12
3681.15
3679.66
3683.68
3682.46
3682.74
3678.70
3678.86
3677.58
3678.82
3678.82
3679.79
3677.45
3679.02
3677.58
3677.44
3676.79
3677.97
3677.84
3677.71
3677.05
3675.65
3675.65
3675.65
3675.65
3675.65
3676.23
3676.23
3675.83
3675.83
3676.41
3677.64
3677.64
3677.64
3676.71
3678.63
3678.37
3680.08
3677.64
3682.80
3681.52
3683.14
3679.16
3688.18
3685.63
3706.46
3687.12
3695.48
3679.91
3692.94
3676.98
3678.07
3669.93
3750.01
3750.01
3750.01
3750.59
3753.05
3753.05
3757.71
3753.33
3755.98
3753.71
3758.11
3756.56
3756.30
3756.04
3761.22
3756.95
3769.89
3761.61
3785.84
3773.06
3791.73
3774.62
3779.95
3774.51
3781.01
3776.27
3824.25
3824.25
3824.25
3824.84
3824.84
3824.47
3825.46
3825.46
3827.80
3827.80
3831.30
3829.31
3832.76
3828.18
3840.36
3838.46
3848.15
3833.97
3835.96
3833.93
3831.89
3829.85
3865.03
3844.52
3852.15
3833.51
3836.42
3819.45
3822.09
3810.64
3824.03
3804.83
3810.17
3794.02
3803.22
3784.66
3785.81
3771.11
3768.55
3756.81
3833.49
3833.49
3833.49
3834.07
3836.49
3836.49
3841.10
3836.84
3839.39
3837.18
3841.53
3839.99
3839.74
3839.48
3844.60
3840.38
3853.17
3844.99
3868.92
3856.30
3874.74
3857.83
3863.00
3852.85
3860.00
3849.68
3854.13
3850.08
3855.33
3849.48
3850.17
3849.67
3914.21
3914.21
3914.21
3914.21
3914.79
3914.72
3914.72
3914.72
3917.03
3917.03
3917.61
3918.83
3918.77
3918.77
3918.77
3921.77
3920.10
3920.10
3920.10
3920.68
3935.46
3928.91
3939.44
3794.10
3794.10
3794.10
3794.65
3794.65
3794.29
3795.24
3795.24
3795.24
3795.24
3797.45
3795.38
3797.16
3796.48
3799.61
3796.32
3798.66
3795.88
3796.72
3796.35
3813.45
3801.38
3816.03
3812.49
3825.61
3808.43
3814.11
3802.54
3818.43
3805.05
3809.65
3789.09
3796.62
3780.12
3786.57
3775.40
3786.69
3769.83
3771.37
3764.89
3764.89
3763.08
3763.58
3762.17
3762.45
3762.45
3762.45
3762.45
3762.45
3762.98
3762.98
3762.62
3763.56
3763.56
3765.71
3765.06
3768.10
3767.57
3767.03
3766.49
3780.30
3775.58
3778.28
3770.67
3773.67
3766.30
3771.30
3762.48
3771.89
3768.62
3787.34
3779.97
3780.76
3768.81
3777.79
3752.79
3758.98
3742.02
3752.39
3736.79
3737.97
3728.21
3728.89
3728.89
3743.74
3743.74
3743.74
3744.26
3744.26
3746.37
3747.54
3746.80
3748.68
3748.56
3749.97
3749.62
3755.24
3752.20
3764.85
3761.78
3789.94
3767.35
3783.15
3759.73
3764.42
3756.55
3760.17
3741.84
3744.28
3736.27
3734.68
3727.73
3732.42
3720.79
3726.88
3709.26
3711.00
3698.13
3700.88
3694.47
3785.37
3785.37
3785.37
3785.89
3785.89
3785.52
3786.45
3786.45
3788.55
3788.55
3790.65
3789.21
3791.65
3788.46
3793.80
3792.88
3798.78
3792.40
3800.23
3789.08
3790.80
3789.31
3787.82
3786.32
3815.55
3789.78
3801.54
3791.55
3794.28
3780.26
3788.38
3772.13
3779.62
3759.78
3762.01
3750.67
3752.21
3743.12
3812.23
3812.23
3812.23
3812.23
3812.75
3812.69
3813.61
3813.61
3818.29
3816.17
3816.85
3815.46
3816.99
3814.80
3814.80
3814.80
3815.58
3812.83
3812.48
3769.33
3769.33
3769.33
3769.83
3769.83
3769.83
3769.83
3769.83
3771.86
3771.24
3777.09
3772.74
3778.03
3774.31
3784.97
3775.30
3780.06
3777.27
3790.07
3774.99
3779.55
3773.86
3777.54
3757.65
3768.18
3746.46
3753.08
3743.53
3897.40
3897.40
3897.40
3897.92
3897.92
3899.98
3899.98
3899.64
3900.53
3902.71
3902.71
3901.93
3903.59
3903.36
3911.97
3910.28
3914.23
3905.61
3930.44
3918.35
3923.26
3905.78
3918.58
3904.88
3909.11
3894.02
3896.98
3874.41
3877.42
3859.52
3864.46
3857.78
3954.45
3954.45
3954.45
3954.97
3955.54
3954.89
3956.65
3956.65
3957.16
3957.11
3961.01
3960.32
3959.63
3958.94
3968.58
3964.31
3964.46
3959.79
3978.12
3968.93
3958.44
3804.17
3804.17
3804.17
3804.65
3804.65
3804.31
3804.31
3804.80
3806.87
3806.87
3808.82
3808.61
3812.96
3807.72
3819.50
3814.66
3816.29
3811.57
3814.44
3810.46
3827.65
3818.99
3823.45
3811.52
3821.56
3804.76
3808.11
3802.22
3811.42
3796.97
3799.50
3790.87
3796.27
3790.98
3793.29
3789.59
3805.34
3794.86
3800.65
3788.36
3854.36
3854.36
3854.36
3854.85
3855.39
3854.72
3856.45
3856.45
3856.93
3856.88
3860.57
3859.93
3859.27
3858.62
3867.75
3863.70
3874.45
3866.09
3867.06
3702.56
3702.56
3702.56
3703.02
3703.02
3703.48
3705.44
3705.44
3707.99
3706.08
3709.58
3705.70
3707.91
3705.89
3713.61
3708.88
3715.05
3706.49
3715.54
3707.55
3721.26
3706.12
3722.04
3698.56
3705.90
3696.10
3701.61
3684.87
3694.97
3677.92
3682.15
3674.38
3680.77
3670.71
3671.78
3665.26
3667.40
3666.10
3669.50
3666.20
3667.18
3667.18
3680.44
3680.44
3680.44
3680.89
3680.89
3680.89
3683.61
3683.61
3685.43
3684.07
3684.65
3684.10
3686.67
3684.65
3687.43
3686.63
3694.76
3687.91
3690.32
3685.92
3688.80
3685.38
3695.71
3685.56
3698.35
3684.69
3689.12
3679.68
3684.71
3673.90
3676.97
3669.84
3672.41
3665.84
3667.09
3662.56
3666.45
3659.56
3659.97
3657.75
3695.69
3695.69
3695.69
3696.14
3696.14
3696.14
3696.59
3696.59
3698.39
3697.84
3700.39
3699.34
3704.54
3702.99
3708.19
3705.47
3706.20
3704.25
3715.81
3706.50
3711.13
3593.48
3593.48
3593.48
3593.91
3593.91
3595.64
3595.64
3595.64
3595.64
3595.64
3597.37
3596.84
3601.83
3599.72
3601.06
3598.56
3601.97
3598.70
3602.50
3598.09
3613.90
3610.68
3617.91
3608.62
3622.71
3608.10
3618.53
3606.24
3614.15
3593.23
3595.42
3586.88
3698.30
3698.30
3698.30
3698.73
3698.73
3699.17
3699.17
3699.17
3699.17
3699.17
3700.92
3700.92
3704.72
3700.82
3703.51
3700.83
3703.94
3701.95
3704.29
3702.36
3705.73
3702.68
3753.35
3753.35
3753.35
3753.79
3753.79
3753.79
3754.23
3754.23
3755.99
3755.45
3757.94
3757.50
3757.06
3756.62
3767.89
3764.03
3766.40
3760.05
3762.66
3756.50
3760.58
3758.84
3772.39
3758.82
3768.48
3762.30
3763.59
3753.38
3761.02
3745.37
3861.40
3861.40
3861.40
3861.85
3861.85
3863.63
3863.63
3863.63
3863.63
3864.52
3864.52
3863.79
3865.28
3865.09
3872.52
3868.46
3873.09
3869.31
3880.46
3872.50
3889.05
3873.18
3878.05
3870.09
3878.55
3870.21
3875.26
3865.86
3874.12
3861.06
3862.99
3859.06
3860.95
3858.09
3861.31
3858.81
3859.32
3856.47
3857.86
3856.08
3855.78
3855.48
3857.48
3856.40
3857.08
3856.15
3856.83
3857.44
3856.85
3859.60
3857.53
3860.28
3859.54
3859.78
3859.18
3861.59
3860.91
3863.31
3863.74
3865.01
3865.01
3865.01
3865.01
3865.45
3865.45
3865.14
3865.93
3865.93
3865.93
3865.93
3871.21
3868.92
3872.13
3868.90
3874.37
3873.02
3874.98
3869.34
3872.37
3868.57
3883.18
3869.92
3873.78
3864.94
3869.17
3862.28
3863.11
3860.13
3863.78
3859.42
3860.13
3856.78
3862.85
3855.32
3857.60
3854.70
3855.04
3853.98
3854.84
3853.27
3855.48
3852.97
3852.90
3852.13
3852.87
3852.87
3852.87
3852.87
3852.87
3853.82
3853.82
3853.82
3853.75
3853.20
3876.78
3876.78
3876.78
3877.22
3877.22
3876.90
3876.90
3877.34
3878.26
3878.26
3878.26
3877.53
3879.01
3878.81
3880.12
3878.26
3881.36
3880.59
3894.56
3891.18
3911.56
3894.32
3904.52
3875.46
3880.21
3870.85
3868.86
3863.44
4012.12
4012.12
4012.12
4012.57
4012.57
4013.01
4013.01
4012.71
4013.49
4013.44
4013.44
4013.44
4013.44
4014.34
4017.11
4014.58
4019.28
4017.05
4020.19
4015.48
4022.34
4017.23
4034.66
4023.15
4040.49
4020.57
4030.51
4012.19
4021.32
4004.68
4012.98
3998.02
4001.12
3988.75
3991.71
3988.39
3990.08
3987.82
4033.29
4033.29
4033.29
4033.73
4033.73
4033.44
4034.21
4034.21
4035.98
4035.44
4036.22
4036.03
4035.83
4035.63
4036.91
4035.08
4038.22
4036.31
4043.39
4035.73
4036.26
4033.60
4035.04
4033.37
4034.81
4033.14
4034.58
4041.07
4038.47
4039.85
4038.53
4038.24
4038.27
4038.30
4041.95
4040.96
4041.85
4040.27
4041.70
4041.24
4042.67
4041.75
4043.29
4043.19
4044.38
4044.08
4044.47
4043.90
4042.95
4043.14
4043.34
4043.34
4031.02
4031.02
4031.02
4031.45
4031.45
4031.16
4031.92
4031.92
4033.67
4033.14
4034.30
4033.23
4033.92
4033.07
4032.87
4032.87
4032.87
4032.87
4033.30
4033.30
4033.01
4033.77
4033.77
4036.36
4036.36
4041.55
4039.38
4040.10
4038.37
4047.98
4043.24
4047.86
4045.29
4068.37
4061.06
4069.42
4048.41
4056.07
4041.31
4043.03
4025.07
4026.64
4012.97
4123.37
4123.37
4123.37
4123.37
4123.81
4123.76
4126.23
4125.21
4125.88
4125.04
4126.20
4124.69
4127.30
4125.55
4135.25
4127.61
4132.56
4125.87
4128.73
4127.60
4132.14
4123.83
4127.60
4125.04
4124.79
4122.66
4131.32
4127.65
4201.23
4201.23
4201.23
4201.67
4201.67
4201.40
4202.14
4202.14
4203.90
4203.37
4204.54
4204.25
4203.95
4203.66
4210.99
4208.27
4212.09
4206.92
4209.24
4207.63
4212.60
4204.59
4206.90
4199.12
4216.65
4194.28
4202.47
4193.97
4193.38
4190.40
4191.05
4180.85
4189.67
4175.52
4173.62
4051.36
4051.36
4051.36
4051.36
4051.78
4051.73
4054.11
4053.13
4055.50
4053.81
4054.34
4053.22
4054.44
4052.69
4052.69
4052.69
4053.31
4051.14
4050.86
4018.21
4018.21
4018.21
4018.21
4018.62
4018.62
4019.44
4020.31
4020.76
4020.19
4020.19
4020.19
4020.61
4020.61
4024.31
4021.82
4023.18
4022.40
4023.08
4021.95
4023.86
4021.36
4023.27
4022.86
4024.53
4021.89
4034.31
4029.37
4029.66
4027.46
4029.21
4023.02
4029.77
4024.23
4171.32
4171.32
4171.32
4171.75
4172.21
4171.68
4173.12
4173.12
4173.12
4173.12
4175.65
4175.37
4175.09
4174.81
4176.00
4174.72
4177.11
4175.48
4175.95
4174.82
4176.01
4175.42
4185.84
4185.84
4185.84
4186.26
4186.26
4186.00
4186.71
4186.71
4188.38
4187.87
4188.62
4188.11
4190.48
4189.50
4190.25
4190.06
4189.87
4189.69
4192.67
4191.93
4196.49
4188.21
4191.34
4188.09
4187.15
4184.08
4188.54
4183.34
4186.76
4182.67
4185.03
4182.87
4185.58
4182.43
4182.57
4188.04
4184.64
4186.95
4184.94
4187.25
4156.01
4156.01
4156.01
4156.42
4158.15
4158.15
4161.44
4158.37
4160.23
4158.63
4161.74
4160.64
4160.46
4160.28
4163.93
4160.92
4170.06
4164.21
4181.31
4172.28
4185.45
4182.24
4186.63
4175.50
4178.26
4176.53
4236.68
4236.68
4236.68
4237.09
4238.84
4238.84
4242.16
4239.11
4240.93
4239.34
4242.48
4241.37
4241.19
4241.00
4244.69
4241.65
4250.86
4244.97
4262.21
4253.11
4266.39
4254.21
4257.91
4250.70
4255.81
4248.38
4251.56
4248.64
4252.42
4251.59
4258.02
4251.16
4251.42
4248.82
4249.92
4249.06
4259.13
4259.13
4259.13
4259.13
4259.55
4259.50
4261.84
4260.88
4261.49
4260.71
4263.05
4261.50
4263.71
4262.29
4265.40
4263.76
4263.48
4261.21
4270.03
4263.75
4271.32
4266.08
4287.24
4273.08
4276.92
4269.02
4271.72
4268.38
4281.51
4276.01
4357.36
4357.36
4357.36
4357.78
4357.78
4357.54
4358.23
4358.23
4360.73
4359.23
4360.50
4358.25
4360.17
4358.84
4363.88
4359.67
4365.68
4361.11
4361.99
4359.30
4365.81
4364.00
4372.53
4362.36
4367.72
4358.73
4361.68
4357.81
4363.37
4355.40
4359.39
4354.07
4394.11
4394.11
4394.11
4394.52
4394.52
4394.29
4394.97
4395.85
4397.60
4396.75
4398.65
4396.42
4403.75
4402.84
4413.49
4404.75
4409.81
4401.79
4422.56
4411.03
4422.20
4396.98
4397.39
4388.21
4385.67
4375.92
4381.03
4370.45
4375.21
4365.82
4369.90
4365.92
4405.42
4405.42
4405.42
4405.42
4405.83
4405.83
4406.66
4407.53
4408.40
4407.84
4409.10
4407.62
4408.87
4408.69
4408.84
4408.07
4411.12
4410.54
4422.83
4416.07
4428.73
4418.55
4442.83
4422.05
4425.66
4408.94
4412.35
4398.15
4406.32
4395.82
4402.38
4388.46
4387.85
4384.15
4383.68
4379.56
4378.33
4378.33
4378.52
4377.61
4377.42
4377.42
4374.48
4377.23
4377.02
4377.26
4377.50
4377.74
4380.19
4379.38
4379.38
4379.38
4379.38
4379.79
4379.79
4379.55
4380.22
4380.22
4382.66
4381.19
4382.44
4380.23
4382.11
4380.80
4385.74
4381.61
4387.52
4383.04
4383.93
4381.29
4387.63
4385.86
4391.14
4382.35
4404.85
4392.97
4398.46
4384.40
4386.13
4377.06
4378.84
4374.27
4373.37
4368.47
4374.08
4367.75
4368.29
4363.95
4368.57
4359.61
4359.25
4355.13
4356.45
4353.85
4425.38
4425.38
4425.38
4425.79
4425.79
4426.20
4426.15
4426.11
4427.82
4427.14
4427.80
4426.97
4428.83
4428.56
4442.39
4434.83
4437.56
4432.22
4437.40
4430.69
4430.84
4431.86
4431.86
4431.86
4431.86
4432.26
4432.26
4432.03
4432.03
4432.03
4433.64
4433.15
4435.44
4434.50
4436.78
4434.48
4436.18
4435.78
4450.84
4448.06
4445.16
4437.25
4439.05
4437.09
4446.95
4439.88
4442.08
4439.40
4515.28
4515.28
4515.28
4515.69
4516.14
4515.70
4515.70
4515.70
4517.32
4516.83
4521.52
4519.54
4520.80
4519.03
4519.46
4518.92
4522.51
4519.00
4528.35
4522.52
4523.50
4529.21
4528.46
4529.40
4528.29
4529.82
4529.82
4529.01
4528.69
4527.50
4528.49
4529.68
4530.04
4529.11
4528.91
4527.77
4527.60
4526.70
4528.34
4527.00
4532.72
4529.77
4530.48
4529.05
4535.00
4534.08
4534.32
4532.56
4532.72
4532.72
4536.84
4535.57
4535.20
4534.83
4554.46
