2.00
2.00
2.00
2.00
2.00
2.00
2.00
2.00
2.02
2.02
2.02
2.04
2.04
2.04
2.04
2.04
2.04
2.04
2.04
2.09
2.09
2.11
2.11
2.11
2.13
2.13
2.19
2.19
2.21
2.16
2.29
2.24
2.22
2.20
2.22
2.22
2.26
2.24
2.22
2.21
2002.25
2002.25
2002.25
2002.25
2002.25
2002.25
2011.26
2011.26
2011.26
2011.26
2011.26
2011.26
2011.26
2021.47
2021.47
2027.72
2027.72
2027.72
2027.72
2027.72
2027.72
2027.72
2023.05
1988.89
2015.12
2015.12
2026.72
2008.41
2020.63
2003.14
2022.50
1991.98
1997.20
1969.35
1976.69
1951.48
2929.64
2929.64
2929.64
2929.64
2929.64
2927.18
2927.18
2927.18
2927.18
2927.18
2927.18
2927.18
2927.18
2927.18
2927.18
2927.18
2927.18
2927.18
2941.69
2941.69
2967.25
2961.77
2949.20
2911.02
2939.44
2841.91
3468.62
3468.62
3468.62
3468.62
3468.62
3463.65
3465.91
3465.91
3465.91
3465.91
3465.91
3488.06
3488.06
3488.06
3488.06
3488.06
3488.06
3488.06
3494.26
3494.26
3514.04
3514.04
3559.32
3559.32
3560.57
3527.22
3537.47
3526.31
3564.59
3517.57
3514.75
3465.85
3487.77
3498.15
3516.67
3523.75
3495.86
3446.51
3501.81
3495.73
3509.29
3485.31
3421.62
3390.83
4359.72
4359.72
4359.72
4359.72
4359.72
4359.72
4359.72
4359.72
4359.72
4366.32
4342.78
4337.30
4340.92
4352.06
4318.82
4338.63
4332.99
4335.66
4335.66
4357.99
4357.99
4368.22
4358.96
4401.70
4401.70
4401.70
4401.70
4401.70
4408.39
4395.15
4386.83
4378.36
4389.90
4389.90
4396.56
4383.26
4393.57
4393.57
4393.57
4393.57
4422.71
4394.40
4435.76
4412.46
4421.54
4421.54
4421.54
4421.54
4421.54
4443.40
4467.64
4441.40
4410.66
4401.68
4401.68
4401.68
4401.68
4401.68
4401.68
4401.68
4401.68
4401.68
4401.68
4400.97
4400.97
4400.97
4400.97
4401.02
4401.02
4401.02
4401.02
4401.02
4401.02
4401.02
4407.12
4407.12
4404.19
4404.19
4401.52
4401.52
4407.63
4373.97
4374.05
4374.05
4372.08
4360.48
4363.90
4352.52
4340.81
4286.56
4301.02
4283.97
4311.40
4305.66
4315.45
4281.07
4294.43
4289.40
4296.59
4287.23
4292.43
4266.04
4270.35
4259.37
4262.50
4249.80
4223.75
4199.51
4203.12
4165.63
4142.35
4110.08
4260.55
4260.55
4260.55
4260.55
4260.55
4260.55
4260.55
4260.55
4260.55
4265.27
4250.73
4248.59
4243.38
4244.21
4231.81
4240.58
4240.58
4248.21
4229.98
4273.94
4270.71
4299.77
4288.97
4290.22
4309.74
4312.08
4307.54
4309.08
4304.05
4312.97
4312.97
4327.37
4327.37
4333.68
4333.68
4339.25
4331.97
4356.66
4336.53
4335.69
4331.11
4332.66
4332.66
4332.66
4332.66
4332.66
4332.66
4194.62
4194.62
4194.62
4194.62
4194.62
4193.60
4193.60
4193.60
4193.60
4193.60
4193.60
4193.60
4193.60
4205.92
4205.92
4205.92
4205.92
4205.92
4205.92
4205.92
4205.92
4205.48
4205.48
4211.49
4211.49
4211.49
4211.49
4211.49
4211.49
4218.82
4218.82
4232.44
4238.83
4362.06
4362.06
4362.06
4362.06
4362.06
4362.06
4362.06
4367.35
4371.02
4371.02
4371.02
4371.02
4371.02
4371.02
4371.02
4371.02
4371.02
4371.02
4371.02
4371.02
4371.02
4371.02
4373.39
4374.77
4374.77
4374.77
4377.34
4361.51
4370.18
4370.18
4368.87
4363.27
4371.02
4361.10
4370.31
4364.72
4372.47
4361.33
4369.60
4358.45
4366.73
4355.57
4373.14
4351.69
4349.26
4349.02
4360.71
4344.08
4370.58
4359.10
4355.21
4352.36
4349.53
4346.71
4343.89
4342.65
4562.94
4562.94
4562.94
4562.94
4562.94
4562.94
4562.94
4562.94
4562.94
4562.94
4562.94
4562.34
4562.34
4566.45
4566.45
4566.33
4566.33
4566.33
4574.20
4574.20
4574.20
4574.20
4577.31
4577.31
4577.31
4577.31
4593.28
4593.28
4593.28
4595.84
4595.84
4616.88
4616.88
4627.93
4625.62
4625.62
4622.52
4616.96
4623.40
4617.86
4616.92
4414.96
4414.96
4414.96
4414.96
4414.96
4414.96
4414.96
4419.38
4422.27
4422.27
4422.27
4422.27
4422.27
4422.27
4422.27
4422.27
4422.27
4422.27
4422.27
4422.27
4422.27
4422.27
4424.26
4425.25
4425.25
4425.25
4427.37
4413.90
4421.31
4421.31
4420.09
4415.34
4413.93
4409.94
4413.89
4413.49
4420.92
4415.75
4413.44
4409.02
4412.55
4407.78
4406.31
4402.34
4402.36
4394.52
4403.28
4403.34
4403.38
4399.46
4399.92
4399.92
4399.92
4399.92
4424.00
4424.03
4514.54
4514.54
4514.54
4514.54
4514.54
4514.54
4514.54
4514.54
4514.54
4518.71
4518.71
4518.71
4518.71
4518.71
4518.71
4518.71
4518.71
4520.47
4520.47
4520.47
4519.67
4519.67
4525.93
4525.93
4527.87
4527.87
4519.26
4512.79
4753.01
4753.01
4753.01
4753.01
4753.01
4752.83
4752.83
4752.83
4752.83
4752.83
4752.83
4753.01
4753.01
4753.01
4753.01
4753.01
4753.01
4753.92
4753.92
4753.92
4753.92
4762.84
4762.84
4778.59
4768.60
4782.01
4775.66
4809.05
4792.03
4796.74
4791.94
4826.97
4811.63
4845.59
4830.16
4878.03
4873.96
4887.45
4869.53
4901.89
4897.58
4913.48
4913.48
4921.38
4921.38
4921.38
4927.42
4927.42
4927.42
4927.42
4927.42
4927.42
4927.42
4927.42
4927.42
4927.42
4927.42
4849.27
4849.27
4849.27
4849.27
4849.27
4849.32
4849.32
4849.32
4852.43
4852.43
4852.43
4856.22
4856.22
4856.22
4856.22
4856.22
4856.22
4856.92
4856.92
4861.06
4855.60
4863.08
4863.08
4864.13
4864.13
4868.30
4868.30
4875.53
4875.53
4875.53
4878.32
4878.32
4881.11
4880.42
4906.43
4878.19
4889.83
4885.68
4896.76
4892.27
4902.63
4893.04
4908.90
4900.35
4894.84
4870.83
5072.49
5072.49
5072.49
5072.49
5072.49
5072.49
5072.49
5072.49
5072.49
5072.49
5072.49
5072.49
5072.49
5073.23
5073.23
5074.30
5074.30
5074.30
5081.85
5081.85
5081.85
5081.85
5081.20
5068.85
5069.45
5066.72
5067.34
5055.67
5056.25
5044.34
5045.02
5010.72
5014.17
4998.38
5002.25
4994.89
5004.68
4979.71
4970.96
4950.76
5135.83
5135.83
5135.83
5135.83
5135.83
5136.03
5136.03
5136.03
5136.03
5136.03
5136.03
5136.03
5136.03
5138.92
5138.92
5140.27
5135.40
5195.53
5195.53
5195.53
5195.53
5195.53
5195.53
5195.53
5198.28
5198.28
5198.28
5198.28
5198.90
5198.90
5198.90
5198.90
5198.90
5203.78
5203.78
5210.81
5210.81
5219.47
5219.47
5221.57
5214.42
5221.74
5217.10
5219.11
5212.00
5217.70
5217.70
5218.21
5218.21
5221.48
5221.48
5222.77
5222.77
5225.91
5222.13
5217.52
5208.03
5211.18
5197.12
5194.06
5185.68
5188.02
5176.01
5188.52
5170.42
5177.59
5158.81
5163.71
5156.43
5155.20
5153.99
5157.41
5155.69
5158.60
5156.37
5154.11
5151.86
5262.61
5262.61
5262.61
5262.61
5262.61
5262.61
5262.61
5262.61
5262.61
5263.74
5263.74
5263.74
5265.87
5265.87
5266.51
5263.29
5267.97
5267.97
5267.97
5214.55
5214.55
5214.55
5214.55
5214.55
5214.99
5214.99
5214.99
5214.99
5214.99
5214.99
5214.99
5214.99
5216.09
5216.09
5216.09
5216.09
5216.09
5216.09
5216.09
5216.55
5216.55
5216.55
5216.55
5217.21
5217.21
5219.97
5219.97
5219.97
5219.97
5223.64
5225.09
5225.09
5224.16
5222.34
5224.34
5217.43
5225.89
5214.90
5225.06
5206.24
5216.19
5197.42
5203.48
5194.85
5196.26
5183.85
5185.90
5173.97
5176.72
5165.24
5164.59
5153.91
5156.36
5153.01
5156.56
5141.59
5139.61
5129.57
5128.44
5119.04
5122.72
5109.58
5113.84
5108.12
5114.06
5106.96
5201.61
5201.61
5201.61
5201.61
5201.61
5202.15
5202.15
5202.15
5204.38
5204.38
5204.38
5206.98
5206.98
5206.98
5206.98
5206.98
5206.98
5207.89
5207.89
5210.68
5205.93
5211.84
5211.84
5216.33
5216.33
5216.33
5220.27
5220.27
5222.13
5222.13
5223.98
5223.36
5240.01
5222.73
5228.53
5225.43
5232.03
5228.75
5234.95
5229.09
5237.16
5231.65
5230.98
5216.78
5351.65
5351.65
5351.65
5351.65
5351.65
5352.20
5352.20
5352.20
5352.20
5354.57
5354.57
5355.29
5355.29
5356.19
5356.19
5358.92
5364.63
5364.63
5364.63
5364.63
5364.63
5364.63
5366.95
5366.95
5369.32
5369.32
5370.07
5370.07
5371.25
5365.24
5367.86
5367.86
5369.32
5369.32
5372.39
5372.39
5373.82
5373.82
5377.91
5374.70
5377.50
5374.28
5373.87
5372.44
5378.47
5373.48
5374.28
5371.73
5372.54
5369.99
5372.40
5371.29
5370.18
5361.36
5365.37
5358.82
5357.11
5355.42
5353.73
5348.86
5389.86
5389.86
5389.86
5389.86
5389.86
5389.86
5389.86
5389.86
5389.86
5389.86
5389.86
5389.86
5390.27
5390.27
5392.38
5392.38
5392.38
5395.36
5395.81
5437.39
5437.39
5437.39
5437.39
5437.39
5438.02
5438.02
5438.02
5438.02
5438.02
5438.02
5438.02
5438.02
5440.67
5440.67
5440.67
5440.67
5440.67
5440.67
5440.67
5443.03
5443.03
5445.66
5442.11
5446.09
5437.22
5438.74
5431.48
5441.40
5428.20
5427.30
5410.29
5529.54
5529.54
5529.54
5529.54
5529.54
5530.13
5530.13
5530.13
5530.13
5530.13
5530.13
5531.03
5531.03
5533.48
5533.48
5533.48
5536.25
5536.25
5538.83
5538.83
5539.57
5537.76
5535.93
5534.11
5546.20
5539.92
5547.96
5543.71
5544.91
5531.29
5538.71
5527.46
5534.19
5518.33
5519.45
5501.34
5496.63
5468.44
5476.21
5462.83
5468.80
5452.17
5452.72
5442.87
5443.50
5431.70
5430.28
5420.85
5419.51
5408.13
5562.46
5562.46
5562.46
5562.46
5562.46
5562.46
5562.46
5562.46
5562.46
5562.46
5562.46
5563.65
5563.65
5563.65
5563.65
5563.65
5565.00
5565.00
5567.47
5567.47
5569.64
5569.64
5569.64
5574.14
5574.14
5574.14
5577.53
5567.78
5575.13
5560.71
5565.78
5557.45
5557.53
5549.62
5555.26
5547.37
5557.12
5551.47
5552.55
5545.84
5546.12
5544.20
5549.80
5543.30
5542.81
5534.38
5546.60
5535.11
5530.37
5525.70
5527.33
5515.44
5511.97
5508.56
5510.18
5490.18
5492.80
5379.74
5379.74
5379.74
5379.74
5379.74
5380.33
5380.33
5380.33
5380.33
5380.33
5380.33
5380.33
5380.33
5380.33
5380.33
5380.33
5380.33
5382.78
5383.27
5420.79
5420.79
5420.79
5420.79
5420.79
5420.79
5420.79
5420.79
5422.41
5422.41
5422.41
5423.40
5423.40
5423.40
5423.40
5425.51
5425.51
5427.61
5427.61
5427.61
5430.59
5430.59
5434.57
5434.57
5437.08
5435.20
5436.37
5436.37
5440.61
5440.61
5440.61
5442.48
5442.48
5442.48
5442.48
5442.48
5443.98
5441.29
5443.34
5441.78
5442.58
5439.89
5443.00
5441.98
5448.14
5446.41
5448.03
5442.54
5444.14
5435.27
5444.90
5437.35
5435.58
5430.45
5429.06
5427.69
5426.31
5424.94
5494.22
5494.22
5494.22
5494.22
5494.22
5494.22
5494.22
5494.22
5494.22
5496.16
5496.16
5496.16
5497.75
5497.75
5497.75
5498.83
5499.26
5534.16
5534.16
5534.16
5534.16
5534.16
5534.16
5534.16
5536.04
5538.32
5538.32
5538.32
5538.32
5538.32
5538.32
5538.32
5538.32
5538.32
5538.32
5538.32
5538.32
5538.32
5538.32
5539.62
5541.44
5541.44
5541.44
5542.75
5539.23
5541.05
5541.05
5541.48
5540.19
5543.14
5540.11
5542.04
5540.74
5543.70
5540.96
5542.44
5539.70
5541.18
5538.44
5541.94
5536.96
5538.15
5536.18
5540.38
5536.05
5541.08
5536.65
5537.51
5536.18
5534.85
5533.52
5532.19
5530.00
5595.93
5595.93
5595.93
5595.93
5595.93
5595.93
5597.55
5597.55
5597.55
5597.55
5597.55
5600.26
5600.26
5600.26
5600.26
5600.26
5600.26
5600.26
5601.77
5601.77
5604.27
5604.27
5608.61
5608.61
5609.89
5609.89
5611.18
5611.18
5611.18
5611.18
5612.46
5612.46
5612.66
5578.91
5578.91
5578.91
5578.91
5578.91
5578.91
5578.91
5578.91
5578.91
5579.87
5579.87
5579.87
5581.23
5581.23
5583.43
5581.51
5584.30
5584.30
5584.30
5554.42
5554.42
5554.42
5554.42
5554.42
5555.07
5555.07
5555.07
5555.07
5555.07
5555.07
5555.07
5555.53
5555.53
5556.95
5556.95
5556.95
5556.95
5556.95
5556.95
5556.95
5556.95
5557.59
5557.59
5557.59
5557.59
5558.32
5558.32
5559.97
5559.97
5560.79
5560.79
5560.79
5560.79
5560.79
5560.79
5561.70
5561.70
5563.54
5563.54
5563.54
5564.92
5564.92
5566.30
5566.30
5568.50
5566.70
5570.98
5569.09
5569.66
5568.48
5569.05
5567.87
5569.28
5568.01
5568.49
5567.22
5571.13
5569.94
5570.03
5568.01
5568.47
5566.16
5566.34
5561.26
5561.41
5556.34
5559.11
5555.41
5551.66
5544.61
5690.65
5690.65
5690.65
5690.65
5690.65
5691.30
5691.30
5691.30
5691.30
5691.30
5691.30
5691.30
5691.30
5693.03
5693.03
5694.77
5694.77
5694.77
5694.77
5694.77
5694.77
5694.77
5695.53
5691.46
5695.13
5692.99
5698.12
5694.99
5701.83
5693.77
5703.01
5690.97
5699.04
5687.82
5796.93
5796.93
5796.93
5796.93
5796.93
5796.93
5796.93
5797.58
5797.58
5797.58
5799.03
5799.03
5799.03
5799.03
5799.03
5799.03
5799.03
5799.03
5799.03
5799.03
5799.03
5799.03
5800.19
5800.19
5803.65
5800.81
5803.02
5802.02
5804.87
5799.04
5802.14
5799.71
5802.54
5796.72
5799.82
5794.17
5796.73
5795.59
5796.02
5795.02
5795.45
5791.41
5792.11
5788.25
5787.60
5786.96
5787.92
5782.29
5785.20
5784.56
5785.52
5781.85
5784.59
5783.78
5784.47
5783.02
5783.99
5779.95
5780.64
5777.27
5777.10
5776.94
5776.78
5776.62
5776.62
5776.62
5776.62
5776.62
5776.62
5776.62
5776.62
5778.20
5780.21
5780.21
5780.21
5780.21
5780.21
5780.21
5780.21
5780.21
5780.21
5780.21
5780.21
5780.21
5780.21
5780.21
5781.33
5781.33
5784.65
5781.89
5784.02
5783.05
5785.80
5780.12
5783.13
5780.79
5783.53
5777.86
5780.20
5779.01
5779.22
5774.92
5775.57
5771.82
5772.73
5767.59
5770.46
5769.83
5770.79
5768.41
5769.32
5767.33
5768.28
5765.90
5766.85
5766.06
5766.70
5765.30
5768.62
5762.96
5762.16
5759.78
5813.21
5813.21
5813.21
5813.21
5813.21
5813.21
5813.21
5813.21
5813.21
5813.82
5815.87
5815.87
5815.87
5815.87
5815.87
5818.27
5818.27
5819.82
5819.82
5820.60
5820.60
5822.23
5822.23
5822.23
5823.35
5823.35
5823.35
5824.43
5824.43
5824.43
5825.82
5823.80
5827.08
5824.10
5849.14
5849.14
5849.14
5849.14
5849.14
5849.69
5849.69
5849.69
5851.04
5851.04
5851.04
5851.04
5851.04
5851.04
5851.04
5851.04
5851.04
5851.04
5851.04
5851.04
5851.04
5851.04
5852.11
5853.61
5853.61
5853.61
5854.68
5851.86
5853.31
5853.31
5853.68
5852.63
5853.29
5851.44
5852.99
5851.94
5853.40
5853.07
5853.51
5851.77
5851.53
5850.49
5851.14
5850.10
5850.75
5849.71
5849.56
5848.60
5849.35
5849.20
5849.05
5848.09
5850.67
5850.25
5849.83
5849.07
5874.56
5874.56
5874.56
5874.56
5874.56
5874.56
5874.56
5874.56
5874.56
5875.10
5875.10
5875.10
5875.10
5875.10
5875.10
5876.59
5876.59
5877.30
5877.30
5877.30
5877.30
5877.30
5878.35
5875.58
5877.80
5877.80
5879.64
5879.64
5880.60
5880.60
5882.54
5882.54
5884.38
5884.38
5885.43
5885.43
5885.61
5885.20
5886.37
5886.37
5887.23
5884.29
5884.71
5883.95
5886.77
5882.83
5929.30
5929.30
5929.30
5929.30
5929.30
5929.30
5929.30
5929.75
5929.75
5930.28
5930.28
5930.28
5930.28
5930.28
5930.28
5930.28
5930.28
5930.28
5930.69
5927.35
5929.86
5928.39
5930.99
5926.20
5931.56
5925.64
5928.79
5920.71
5917.23
5909.22
5912.21
5899.76
5900.04
5890.30
5894.27
5881.16
5969.26
5969.26
5969.26
5969.26
5969.26
5969.26
5969.26
5969.26
5970.46
5970.46
5970.46
5971.24
5971.24
5971.24
5971.24
5971.24
5971.24
5971.24
5972.26
5972.26
5972.26
5972.26
5973.19
5973.19
5974.21
5974.21
5974.50
5974.50
5975.53
5975.53
5975.74
5974.61
5975.04
5973.91
5977.33
5974.79
5976.72
5975.83
5978.33
5974.35
5972.81
5971.28
5974.36
5971.77
5974.90
5966.63
5963.99
5958.44
5956.15
5950.92
5948.96
5947.02
5945.07
5943.12
6011.48
6011.48
6011.48
6011.48
6011.48
6011.48
6012.74
6012.74
6012.74
6012.74
6012.74
6012.74
6012.74
6013.52
6013.52
6013.52
6015.26
6015.26
6015.26
6015.26
6016.27
6016.27
6018.00
6018.00
6020.78
6018.20
6018.20
6018.20
6018.20
6018.20
6018.20
6018.20
6018.20
6019.59
6021.30
6021.30
6021.30
6021.30
6021.30
6021.30
6021.30
6021.30
6021.30
6021.30
6021.30
6021.30
6021.30
6021.30
6022.27
6023.64
6023.64
6023.64
6024.62
6022.04
6023.37
6023.37
6023.70
6022.75
6023.35
6023.13
6024.37
6022.53
6023.78
6022.67
6023.06
6021.47
6021.25
6020.30
6020.17
6019.30
6019.97
6019.84
6020.43
6019.48
6020.08
6019.13
6019.72
6019.51
6019.29
6018.33
6023.11
6021.46
6042.68
6042.68
6042.68
6042.68
6042.68
6042.68
6042.68
6042.68
6042.68
6043.41
6043.41
6045.65
6045.65
6046.38
6046.38
6046.38
6047.99
6045.30
6047.13
6045.49
6048.75
6046.31
6046.88
6044.43
6046.44
6042.40
6049.04
6046.65
6048.24
6039.36
6041.95
6038.10
6037.78
6031.55
6034.38
6030.33
6035.98
6031.04
6091.99
6091.99
6091.99
6091.99
6091.99
6091.99
6091.99
6091.99
6091.99
6091.99
6091.99
6091.99
6091.99
6094.27
6094.27
6095.07
6095.07
6095.94
6095.94
6095.94
6095.94
6095.94
6096.57
6096.57
6096.57
6096.57
6096.25
6096.25
6097.33
6097.33
6098.38
6096.00
6098.41
6091.19
6098.25
6092.44
6093.73
6084.77
6082.55
6073.89
6070.47
5977.38
5977.38
5977.38
5977.38
5977.38
5977.86
5977.86
5977.86
5977.86
5979.08
5979.08
5979.64
5979.64
5980.27
5980.27
5981.63
5983.83
5983.83
5984.75
5983.08
5985.52
5985.52
5986.29
5984.47
5986.06
5981.14
5983.28
5979.83
5986.47
5983.13
5987.34
5981.57
5984.31
5979.13
5979.74
5976.17
5976.78
5973.21
5981.25
5978.38
6036.57
6036.57
6036.57
6036.57
6036.57
6037.04
6037.04
6037.04
6038.17
6038.17
6038.17
6039.45
6039.45
6039.45
6039.45
6039.45
6039.45
6040.06
6040.06
6041.41
6041.41
6042.76
6040.22
6042.56
6042.56
6042.56
6043.47
6043.47
6043.72
6043.72
6044.70
6044.70
6045.68
6045.41
6045.41
6045.41
6045.41
6045.41
6045.41
6045.41
6045.41
6045.41
6045.41
6046.08
6046.08
6046.08
6047.04
6047.04
6048.52
6047.16
6049.14
6049.14
6049.14
6029.69
6029.69
6029.69
6029.69
6029.69
6030.13
6030.13
6030.13
6030.13
6030.13
6030.13
6030.13
6031.29
6031.29
6031.29
6032.31
6032.31
6034.08
6031.32
6050.91
6050.91
6050.91
6050.91
6050.91
6050.91
6050.91
6051.36
6051.36
6051.36
6051.36
6051.87
6051.87
6051.87
6051.87
6051.87
6052.59
6052.59
6052.59
6052.59
6053.08
6051.17
6053.43
6052.29
6053.03
6050.22
6051.19
6046.14
6049.15
6044.14
6045.31
6040.43
6044.13
6036.28
6091.89
6091.89
6091.89
6091.89
6091.89
6091.89
6091.89
6091.89
6092.94
6092.94
6094.00
6094.00
6095.05
6095.05
6095.05
6095.05
6095.05
6095.05
6095.05
6096.11
6096.11
6098.40
6098.40
6099.31
6097.82
6099.70
6098.41
6099.04
6099.04
6099.04
6099.04
6100.30
6100.30
6102.19
6102.19
6103.45
6104.23
6102.80
6102.80
6102.80
6102.80
6102.80
6102.80
6103.23
6104.74
6104.74
6104.74
6104.74
6104.74
6105.37
6105.37
6105.37
6105.37
6105.37
6105.37
6106.74
6106.74
6106.74
6107.71
6107.71
6109.28
6109.28
6110.86
6109.66
6111.64
6109.83
6111.07
6111.07
6112.04
6111.86
6112.34
6111.07
6113.29
6110.83
6146.21
6146.21
6146.21
6146.21
6146.21
6146.64
6146.64
6146.64
6146.64
6147.13
6147.13
6147.13
6147.13
6147.13
6148.03
6148.03
6148.85
6148.54
6150.01
6147.72
6149.79
6149.79
6150.92
6150.92
6151.45
6151.45
6152.58
6149.58
6149.58
6149.58
6149.58
6149.58
6149.58
6149.99
6149.99
6149.99
6149.99
6149.99
6150.93
6150.93
6150.93
6152.14
6152.14
6154.53
6152.70
6155.01
6154.05
6155.99
6155.99
6157.65
6156.35
6157.56
6157.56
6158.57
6158.57
6160.11
6158.67
6159.27
6159.27
6159.27
6161.60
6161.60
6162.55
6162.55
6163.55
6162.84
6165.97
6164.14
6164.69
6163.38
6165.44
6164.94
6168.06
6167.61
6168.17
6166.81
6167.56
6167.56
6167.56
6167.56
6167.84
6167.66
6185.06
6185.06
6185.06
6185.06
6185.06
6185.06
6185.06
6185.47
6185.47
6185.47
6186.46
6186.46
6186.46
6186.46
6186.46
6186.46
6186.46
6186.46
6186.46
6186.46
6186.46
6186.46
6187.25
6188.36
6188.36
6188.36
6189.15
6187.07
6188.14
6188.14
6188.41
6187.65
6188.13
6187.95
6188.96
6187.47
6188.47
6188.17
6188.36
6187.01
6187.33
6186.05
6186.46
6185.04
6185.52
6185.52
6185.52
6185.52
6185.52
6185.52
6185.52
6185.52
6185.52
6185.52
6188.31
6187.75
6205.50
6205.50
6205.50
6205.50
6205.50
6205.90
6205.90
6205.90
6205.90
6206.94
6206.94
6207.41
6207.41
6207.41
6208.26
6208.26
6208.26
6208.26
6209.34
6208.01
6209.51
6209.09
6210.98
6208.57
6210.66
6208.43
6211.69
6209.41
6210.07
6206.81
6222.82
6222.82
6222.82
6222.82
6222.82
6222.82
6222.82
6223.92
6225.24
6225.24
6225.24
6225.24
6225.24
6225.24
6225.24
6225.24
6225.24
6225.24
6225.24
6225.24
6225.24
6225.24
6226.01
6226.01
6228.17
6225.01
6241.01
6241.01
6241.01
6241.01
6241.01
6241.38
6241.38
6241.38
6241.38
6241.38
6241.38
6241.87
6241.87
6243.02
6243.02
6243.02
6244.23
6244.23
6245.02
6244.21
6243.40
6242.58
6247.61
6243.88
6246.65
6241.57
6242.73
6237.64
6238.82
6231.18
6235.64
6230.41
6233.38
6226.20
6230.03
6219.72
6220.58
6211.40
6208.83
6197.09
6258.44
6258.44
6258.44
6258.44
6258.44
6258.44
6258.44
6259.50
6260.78
6260.78
6260.78
6260.78
6260.78
6260.78
6260.78
6260.78
6260.78
6260.78
6260.78
6260.78
6260.78
6260.78
6261.52
6262.53
6262.53
6262.53
6263.27
6261.25
6262.30
6262.30
6262.53
6262.36
6262.36
6262.36
6262.36
6262.36
6262.36
6262.36
6262.64
6262.64
6262.64
6262.64
6262.64
6262.64
6262.64
6262.92
6262.92
6264.42
6264.42
6265.35
6265.35
6265.35
6265.35
6267.22
6265.90
6282.05
6282.05
6282.05
6282.05
6282.05
6282.41
6282.41
6282.41
6283.33
6283.33
6283.33
6284.36
6284.36
6284.36
6284.36
6285.46
6284.99
6285.68
6285.68
6285.68
6288.13
6288.13
6288.13
6288.13
6289.22
6289.22
6291.11
6286.15
6289.82
6287.91
6288.89
6285.73
6288.47
6279.04
6283.65
6277.27
6284.32
6273.08
6274.63
6261.67
6266.82
6259.57
6262.07
6256.42
6256.98
6252.93
6336.09
6336.09
6336.09
6336.09
6336.09
6336.46
6336.46
6336.46
6336.46
6336.46
6336.46
6336.46
6336.46
6336.46
6336.46
6336.46
6337.00
6337.00
6337.60
6337.60
6337.60
6338.86
6338.86
6338.86
6340.42
6339.80
6340.04
6337.87
6340.11
6335.57
6337.82
6328.13
6335.04
6326.37
6327.26
6312.62
6314.20
6301.43
6390.53
6390.53
6390.53
6390.53
6390.53
6390.53
6390.53
6390.90
6390.90
6390.90
6390.90
6390.90
6390.90
6390.90
6390.90
6390.90
6390.90
6390.90
6391.83
6390.16
6390.88
6389.67
6390.51
6383.63
6385.03
6382.03
6381.12
6376.48
6378.36
6375.19
6378.23
6369.42
6370.67
6362.09
6366.21
6358.19
6418.79
6418.79
6418.79
6418.79
6418.79
6419.16
6419.16
6419.16
6419.16
6419.16
6419.16
6419.64
6419.64
6420.70
6420.70
6420.70
6421.88
6421.88
6423.00
6423.00
6423.86
6423.11
6422.37
6421.62
6426.11
6423.54
6427.46
6425.46
6426.28
6421.02
6424.27
6419.39
6422.39
6415.78
6416.67
6411.63
6412.59
6403.50
6458.79
6458.79
6458.79
6458.79
6458.79
6458.79
6458.79
6458.79
6458.79
6459.32
6459.32
6459.32
6460.08
6460.08
6461.29
6460.22
6461.78
6461.78
6461.78
6447.39
6447.39
6447.39
6447.39
6447.39
6447.39
6448.26
6448.26
6448.26
6448.26
6448.26
6449.35
6448.47
6449.21
6447.88
6450.30
6449.70
6450.05
6448.89
6451.63
6451.21
6451.73
6451.73
6453.72
6453.72
6455.69
6456.43
6456.43
6442.44
6442.44
6442.44
6442.44
6442.44
6442.44
6442.44
6442.78
6442.78
6442.78
6442.78
6443.17
6443.17
6443.17
6443.17
6443.17
6443.74
6443.74
6443.74
6443.74
6444.11
6442.52
6444.35
6443.44
6444.00
6441.68
6442.42
6438.32
6439.22
6435.24
6438.06
6433.61
6475.04
6475.04
6475.04
6475.04
6475.04
6475.37
6475.37
6475.37
6475.37
6475.37
6475.37
6475.37
6475.37
6475.37
6475.37
6475.37
6475.41
6475.41
6475.41
6476.17
6477.13
6477.13
6477.13
6477.13
6477.13
6477.13
6477.47
6477.47
6477.47
6477.47
6477.47
6477.47
6477.47
6477.47
6478.52
6478.52
6478.52
6479.34
6478.16
6479.31
6476.65
6480.09
6479.30
6480.11
6477.13
6479.87
6476.13
6477.39
6474.45
6477.51
6472.70
6473.96
6471.80
6475.85
6473.21
6476.29
6470.74
6481.99
6476.00
6479.62
6471.43
6524.23
6524.23
6524.23
6524.23
6524.23
6524.57
6524.57
6524.57
6524.57
6524.57
6524.57
6524.57
6524.57
6524.57
6524.57
6524.57
6524.57
6525.33
6525.25
6525.25
6525.25
6525.25
6525.25
6525.25
6525.25
6525.25
6525.25
6526.52
6526.52
6526.52
6527.49
6528.60
6528.60
6528.60
6528.60
6528.60
6529.67
6528.91
6529.64
6529.64
6530.80
6530.80
6532.48
6532.48
6532.48
6532.98
6532.98
6533.99
6533.99
6534.59
6534.59
6534.59
6535.71
6535.71
6535.71
6536.43
6535.78
6538.04
6536.94
6539.89
6537.55
6564.06
6564.06
6564.06
6564.06
6564.06
6564.06
6564.06
6564.06
6564.06
6564.52
6564.52
6564.52
6564.52
6565.02
6565.02
6565.02
6565.02
6565.02
6565.63
6565.63
6567.55
6566.41
6569.36
6567.67
6568.73
6568.73
6569.18
6567.83
6568.39
6566.58
6567.61
6566.42
6567.45
6565.81
6566.01
6566.01
6566.57
6566.57
6566.67
6565.93
6565.93
6565.93
6565.93
6565.93
6565.93
6565.93
6565.93
6565.93
6565.93
6565.93
6565.93
6565.93
6565.93
6565.93
6565.93
6566.48
6566.48
6566.48
6566.48
6568.54
6568.03
6568.03
6568.03
6568.03
6568.03
6568.03
6568.03
6568.03
6568.03
6568.03
6568.03
6568.03
6568.03
6568.03
6568.03
6568.03
6568.53
6568.53
6569.08
6569.08
6569.08
6569.08
6569.08
6570.68
6568.03
6571.87
6569.22
6571.45
6568.38
6571.01
6565.31
6566.19
6561.92
6599.06
6599.06
6599.06
6599.06
6599.06
6599.06
6599.06
6599.06
6599.06
6599.06
6599.06
6599.06
6599.06
6600.03
6600.03
6600.57
6600.57
6600.57
6601.74
6601.74
6602.86
6602.86
6590.19
6590.19
6590.19
6590.19
6590.19
6590.19
6590.19
6590.19
6590.19
6590.19
6590.19
6590.19
6590.19
6590.19
6590.19
6590.19
6590.67
6590.67
6591.19
6591.19
6591.19
6591.19
6592.54
6592.54
6593.35
6592.83
6593.22
6591.36
6593.27
6588.58
6611.78
6611.78
6611.78
6611.78
6611.78
6611.78
6611.78
6612.55
6612.55
6612.55
6612.55
6612.91
6612.91
6612.91
6612.91
6612.91
6614.07
6614.07
6614.07
6614.07
6615.58
6615.58
6616.19
6616.19
6617.24
6617.24
6617.81
6617.81
6617.81
6617.81
6618.77
6617.79
6619.05
6617.62
6618.42
6618.42
6618.59
6618.59
6618.59
6618.59
6618.59
6618.59
6619.26
6618.18
6619.54
6618.61
6619.97
6618.74
6619.33
6617.49
6619.57
6617.73
6618.48
6618.24
6618.83
6617.03
6618.04
6616.24
6615.92
6615.07
6627.95
6627.95
6627.95
6627.95
6627.95
6628.27
6628.27
6628.27
6629.02
6629.02
6629.02
6629.48
6629.48
6629.48
6629.48
6629.48
6629.48
6629.48
6630.09
6630.09
6630.09
6630.09
6630.64
6630.64
6631.24
6631.24
6631.41
6631.41
6632.02
6632.02
6632.14
6631.47
6633.49
6631.98
6633.13
6632.55
6632.72
6632.19
6632.53
6631.90
6633.23
6630.72
6630.58
6629.04
6630.89
6626.36
6628.36
6625.35
6622.31
6616.65
6616.53
6613.52
6613.12
6609.82
6668.77
6668.77
6668.77
6668.77
6668.77
6669.08
6669.08
6669.08
6669.08
6669.88
6669.88
6670.24
6670.24
6670.24
6670.90
6670.90
6670.90
6670.90
6670.90
6670.90
6670.90
6670.90
6671.58
6671.58
6673.00
6671.30
6670.70
6669.08
6706.25
6706.25
6706.25
6706.25
6706.25
6706.25
6706.25
6706.55
6706.55
6706.55
6706.80
6706.80
6706.80
6706.80
6706.80
6707.64
6707.64
6708.09
6708.09
6709.03
6710.40
6710.40
6710.40
6710.40
6711.74
6711.74
6712.56
6712.56
6713.39
6713.39
6714.22
6714.22
6714.61
6714.61
6715.10
6713.44
6714.57
6714.01
6714.01
6714.01
6714.01
6714.01
6714.01
6714.30
6714.30
6714.30
6714.30
6714.30
6714.30
6714.30
6714.30
6714.30
6714.94
6714.94
6714.94
6714.94
6714.94
6716.85
6716.85
6718.18
6718.18
6719.02
6719.02
6719.85
6719.85
6722.02
6722.02
6722.70
6722.70
6723.00
6722.97
6722.93
6722.93
6722.93
6722.93
6723.72
6723.24
6723.70
6723.23
6723.69
6723.69
6723.69
6723.69
6723.69
6723.88
6723.31
6726.16
6725.57
6724.98
6724.00
6760.97
6760.97
6760.97
6760.97
6760.97
6761.27
6761.27
6761.27
6761.27
6761.27
6761.27
6761.27
6761.95
6761.95
6761.95
6761.95
6761.95
6761.95
6761.95
6761.95
6762.25
6762.25
6762.25
6762.25
6762.25
6762.25
6762.68
6762.68
6762.68
6762.68
6763.21
6763.21
6763.21
6763.21
6763.21
6764.25
6762.94
6764.37
6761.21
6761.74
6757.60
6758.12
6752.04
6785.16
6785.16
6785.16
6785.16
6785.16
6785.16
6785.16
6785.16
6785.83
6785.83
6785.83
6786.21
6786.21
6786.21
6786.21
6787.17
6787.17
6787.17
6787.74
6787.51
6788.16
6788.16
6788.63
6788.31
6788.23
6787.52
6791.23
6789.66
6810.68
6810.68
6810.68
6810.68
6810.68
6810.96
6810.96
6810.96
6810.96
6810.96
6810.96
6810.96
6810.96
6810.96
6810.96
6810.96
6811.91
6811.91
6812.38
6812.06
6813.71
6812.11
6812.88
6811.32
6814.83
6814.83
6817.17
6817.17
6817.09
6816.72
6816.79
6816.79
6817.59
6818.60
6818.60
6806.37
6806.37
6806.37
6806.37
6806.37
6806.37
6806.37
6806.37
6806.37
6806.80
6806.80
6806.80
6807.41
6807.41
6808.36
6807.50
6808.75
6808.75
6808.75
6797.87
6797.87
6797.87
6797.87
6797.87
6797.87
6797.87
6797.87
6797.87
6798.15
6799.16
6799.16
6799.16
6799.16
6799.16
6800.41
6800.41
6801.19
6801.19
6801.57
6801.57
6802.40
6802.40
6802.40
6802.96
6802.96
6802.96
6803.51
6803.51
6803.51
6804.09
6803.06
6804.75
6803.16
6827.68
6827.68
6827.68
6827.68
6827.68
6827.95
6827.95
6827.95
6827.95
6827.95
6827.95
6827.95
6827.95
6827.95
6828.55
6828.55
6828.55
6828.95
6828.95
6828.95
6829.55
6828.96
6828.96
6828.96
6828.96
6828.96
6828.96
6829.22
6829.22
6829.22
6829.22
6829.22
6829.22
6829.22
6829.22
6829.22
6829.22
6829.22
6829.22
6829.22
6829.22
6829.22
6829.22
6830.60
6830.60
6830.60
6830.60
6830.60
6830.60
6831.47
6831.47
6831.47
6832.06
6832.06
6832.60
6831.55
6831.83
6828.18
6831.58
6830.04
6832.05
6830.51
6840.93
6840.93
6840.93
6840.93
6840.93
6840.93
6840.93
6841.69
6842.62
6842.62
6842.62
6842.62
6842.62
6842.62
6842.62
6842.62
6842.62
6842.62
6842.62
6842.62
6842.62
6842.62
6843.02
6841.43
6842.35
6841.77
6851.80
6851.80
6851.80
6851.80
6851.80
6851.80
6851.80
6852.56
6853.47
6853.47
6853.47
6853.47
6853.47
6853.47
6853.47
6853.47
6853.47
6853.47
6853.47
6853.47
6853.47
6853.47
6854.00
6854.72
6854.72
6854.72
6855.25
6853.79
6854.54
6854.38
6856.21
6854.84
6855.01
6854.15
6855.25
6854.38
6854.38
6854.38
6854.38
6854.38
6854.38
6854.38
6854.38
6854.38
6855.00
6855.00
6855.00
6855.39
6855.39
6855.39
6855.39
6855.39
6855.39
6856.14
6856.14
6857.40
6858.66
6858.66
6860.42
6860.42
6860.85
6859.72
6860.62
6858.40
6861.31
6859.75
6869.91
6869.91
6869.91
6869.91
6869.91
6870.15
6870.15
6870.15
6870.15
6870.90
6870.90
6871.66
6871.66
6871.99
6871.99
6872.83
6874.03
6874.03
6874.62
6873.72
6874.81
6874.51
6875.45
6873.76
6875.29
6873.79
6875.56
6874.27
6876.36
6872.37
6875.03
6867.94
6897.96
6897.96
6897.96
6897.96
6897.96
6898.20
6898.20
6898.20
6898.20
6898.48
6898.48
6899.23
6899.23
6899.23
6899.23
6900.20
6900.83
6900.83
6900.83
6901.51
6901.51
6901.51
6901.58
6900.87
6900.45
6898.68
6900.53
6893.48
6896.88
6890.62
6894.02
6887.39
6926.89
6926.89
6926.89
6926.89
6926.89
6926.89
6926.89
6926.89
6926.89
6927.17
6927.17
6927.91
6927.91
6927.91
6928.06
6928.06
6929.07
6928.50
6930.03
6928.91
6931.44
6930.42
6931.77
6930.47
6930.95
6929.84
6930.32
6927.74
6929.78
6925.85
6928.47
6922.51
6922.02
6920.16
6919.70
6916.61
6915.68
6912.30
6912.88
6911.06
6910.68
6909.48
6914.37
6910.71
6911.56
6910.59
6909.62
6908.65
6914.78
6910.71
6960.99
6960.99
6960.99
6960.99
6960.99
6961.23
6961.23
6961.23
6961.23
6961.96
6961.96
6962.70
6962.70
6963.03
6963.03
6963.85
6965.03
6965.03
6965.63
6964.75
6965.80
6965.51
6967.02
6965.55
6967.28
6965.96
6967.18
6965.17
6965.67
6964.16
6964.75
6964.10
6963.80
6960.53
6962.40
6961.35
6961.75
6958.86
6961.17
6959.89
6959.77
6958.40
6959.27
6958.75
6958.75
6958.75
6958.75
6958.75
6958.75
6958.75
6958.75
6958.75
6958.75
6959.44
6959.44
6959.72
6959.72
6959.72
6959.72
6959.72
6960.17
6960.17
6961.03
6961.03
6961.08
6960.06
6960.06
6960.06
6960.06
6960.06
6960.06
6960.29
6960.29
6960.29
6960.29
6960.29
6960.29
6960.29
6960.29
6961.06
6961.06
6961.06
6961.06
6961.06
6961.06
6961.06
6961.51
6960.86
6962.27
6962.27
6962.58
6962.20
6962.20
6962.20
6962.20
6962.20
6962.20
6962.42
6963.29
6963.29
6963.29
6963.29
6963.29
6963.29
6963.29
6963.64
6963.64
6963.64
6964.54
6964.54
6964.54
6964.54
6965.03
6963.60
6963.90
6963.59
6964.70
6963.94
6965.87
6965.46
6965.30
6965.30
6966.29
6966.29
6966.29
6966.60
6966.67
6967.24
6967.32
6968.22
6967.40
6968.30
6966.66
6967.65
6967.47
6968.04
6967.05
6967.20
6967.20
6967.20
6967.29
6966.31
6969.06
6967.78
6967.41
6967.04
6986.67
